[app/ui]
version = 7.1.0
modtime = 1527992586.345633000

[app/launcher]
version = 7.1.0
modtime = 1527992586.350165000
